268 467362
266 377018
274 354339
298 203084
295 174083
263 169017
300 148795
88 144317
287 139495
314 91728
306 88619
322 83829
7 80788
342 79539
3327 77822
473 71363
336 67038
350 60451
329 55127
390 53462
320 48035
334 47818
94 41529
448 40738
19 40440
362 39958
296 39878
312 39756
341 38409
433 36649
363 35375
442 35225
352 35190
405 34118
283 32358
264 31766
477 30522
574 29578
301 26898
638 26404
516 26166
281 26121
567 25770
381 25179
289 25044
478 23854
486 23433
71 23204
409 22602
794 22260
599 22083
607 22078
419 21990
8 21523
480 21213
491 20996
265 20785
367 19869
70 19519
372 19386
455 18946
432 18401
378 18083
529 18035
89 17881
525 17879
500 17639
519 17549
467 17307
388 17229
82 17160
670 17050
618 16885
636 16570
288 16492
383 16284
628 16259
509 16236
501 15886
490 15752
484 15686
340 15532
275 15439
727 14833
576 14752
272 14622
615 13895
81 13680
77 13647
348 13618
612 13432
276 13431
280 13404
826 13383
502 13269
74 13224
603 13176
92 13130
72 12877
83 12156
78 12141
654 12134
73 12001
424 11909
526 11874
589 11857
293 11794
84 11706
751 11652
278 11606
345 11588
709 11338
565 11148
297 11095
85 11093
269 11068
560 11000
605 10748
17 10673
645 10615
75 10490
326 10394
704 10300
1104 10288
614 10153
317 10040
855 10001
521 9935
489 9882
549 9841
292 9759
598 9629
765 9562
18 9175
76 9046
969 9003
302 8897
286 8797
689 8736
429 8721
290 8661
583 8637
631 8488
772 8473
1116 8437
579 8410
843 8364
854 8345
1178 8343
877 8235
309 8201
793 8080
863 8039
1313 8034
924 8018
333 7993
87 7938
1123 7823
609 7785
594 7714
1017 7675
284 7635
279 7625
780 7582
753 7501
1000 7474
630 7468
262 7378
90 7334
684 7308
1024 7265
355 7194
1099 7191
1222 7092
282 7085
827 7082
351 7048
818 7041
957 7008
374 6974
323 6878
1600 6830
1032 6820
839 6740
1441 6722
991 6656
732 6638
294 6629
973 6564
95 6562
692 6543
797 6440
356 6433
338 6416
443 6411
666 6381
285 6367
304 6358
1388 6333
890 6324
413 6293
955 6282
277 6273
402 6256
815 6248
1357 6205
1124 6198
299 6145
1125 6115
344 6091
394 6008
803 6007
80 5998
327 5991
361 5976
1781 5904
271 5902
452 5900
1590 5889
951 5882
923 5867
954 5821
423 5818
1021 5796
1022 5793
905 5791
1001 5774
1198 5772
1375 5634
564 5605
91 5567
471 5548
559 5544
273 5520
1080 5519
660 5485
834 5478
1076 5477
952 5476
785 5443
942 5443
866 5356
674 5301
821 5298
752 5291
472 5280
470 5249
887 5227
982 5168
319 5166
726 5132
408 5125
337 5119
543 5102
397 5095
964 5089
407 5082
2323 5079
844 5027
808 5026
359 5024
267 5001
343 5001
2034 4974
1411 4973
784 4966
324 4964
1697 4954
1010 4934
412 4920
321 4917
1108 4827
318 4827
395 4823
737 4813
371 4796
1923 4783
1043 4781
848 4771
867 4751
330 4736
776 4732
997 4719
315 4714
1242 4690
497 4680
682 4672
847 4664
1574 4648
1747 4599
1324 4584
550 4583
725 4580
331 4551
1719 4530
1164 4496
376 4483
978 4475
960 4469
310 4466
948 4439
426 4424
1873 4409
585 4409
2281 4400
990 4391
79 4364
389 4358
421 4345
375 4339
741 4327
469 4313
307 4307
1129 4284
366 4248
512 4207
1576 4198
680 4191
1064 4186
347 4179
373 4175
328 4172
495 4130
1343 4125
1440 4111
1647 4111
1035 4104
2267 4077
1038 4073
1282 4042
1065 4034
563 4032
1651 4028
1006 4025
308 4021
841 4006
912 4000
1748 3990
771 3990
1706 3985
1189 3955
1634 3948
493 3940
740 3940
2211 3938
738 3915
570 3914
1387 3905
453 3903
723 3892
535 3879
325 3873
2080 3851
335 3818
661 3811
1147 3807
662 3805
1484 3802
1054 3788
398 3788
518 3758
640 3754
1568 3729
1196 3727
1532 3722
305 3720
1152 3678
941 3667
520 3666
2337 3665
907 3644
415 3643
1331 3632
933 3630
1465 3628
368 3628
35 3607
1435 3593
386 3575
831 3544
457 3536
2013 3532
454 3531
1186 3509
1044 3505
354 3496
2180 3486
1278 3485
1447 3477
1456 3463
668 3443
2291 3431
511 3415
2058 3395
932 3381
2406 3380
1429 3360
967 3360
364 3359
1870 3348
1452 3346
358 3346
813 3328
712 3326
1740 3322
904 3321
616 3320
1643 3317
2195 3275
1034 3246
658 3245
1275 3227
1225 3226
846 3203
346 3202
537 3168
691 3165
1656 3164
441 3158
1737 3140
420 3131
965 3120
1025 3116
1556 3111
1618 3109
2657 3100
313 3097
391 3095
1012 3079
377 3074
906 3072
1695 3070
464 3064
411 3056
1073 3033
1756 3032
1963 3032
410 3025
1964 3024
1018 3018
1646 3016
1739 3016
639 3014
1121 3013
431 3012
496 3008
538 3003
1689 2995
1439 2993
1812 2983
3658 2972
1579 2970
554 2968
488 2963
316 2960
2044 2956
3013 2953
1329 2952
2066 2950
553 2937
1749 2930
1476 2929
438 2927
663 2907
2411 2895
1046 2893
2583 2893
357 2889
1090 2887
622 2885
1243 2882
1603 2881
1098 2877
370 2877
1947 2860
542 2858
1374 2856
1802 2845
558 2836
2185 2835
717 2831
996 2825
483 2821
1648 2820
1398 2813
1707 2805
1654 2803
2350 2790
349 2786
539 2771
2076 2768
781 2768
2026 2758
845 2757
1246 2755
1628 2743
474 2743
715 2737
1824 2736
417 2714
1859 2706
339 2692
1546 2687
883 2686
800 2670
422 2665
26 2663
2218 2656
787 2652
1250 2649
1516 2649
1998 2647
2321 2639
930 2634
2082 2620
987 2620
1053 2618
1299 2615
1226 2607
365 2600
958 2599
925 2592
1817 2590
2197 2586
1783 2583
1288 2573
1567 2569
2231 2568
1418 2563
1117 2559
2276 2556
1287 2553
1883 2552
1381 2543
1784 2543
2821 2537
980 2532
1190 2531
93 2529
1766 2527
555 2527
1572 2526
482 2525
1808 2524
1100 2522
2859 2518
1694 2497
468 2497
311 2489
2362 2486
823 2483
1469 2479
2465 2473
2715 2472
1525 2470
2271 2470
2523 2470
899 2467
2083 2465
1395 2463
1072 2457
1720 2455
1543 2452
458 2452
2364 2449
2001 2447
652 2447
2036 2446
1304 2442
2547 2441
1364 2436
3074 2434
989 2427
1638 2423
592 2419
406 2414
1700 2412
1449 2409
2744 2409
1383 2408
875 2406
1592 2402
713 2400
437 2398
1101 2396
1856 2389
1047 2388
1063 2386
1325 2383
1366 2380
23 2371
1478 2370
3346 2366
676 2366
2418 2365
1283 2364
460 2360
2420 2355
270 2355
1586 2354
2144 2351
401 2340
446 2339
2630 2338
1050 2328
1265 2327
634 2322
1162 2321
2332 2317
1060 2313
1126 2312
1255 2307
2193 2307
1787 2302
1797 2300
1698 2298
1309 2297
857 2297
1850 2290
1827 2289
2681 2286
2674 2282
1144 2278
492 2275
2576 2273
1179 2272
1854 2270
2643 2262
393 2262
644 2262
2055 2258
485 2258
369 2252
643 2252
766 2251
2022 2246
2607 2242
926 2241
1059 2226
1171 2220
1140 2219
530 2214
1360 2208
2113 2203
440 2201
1735 2200
425 2191
1480 2189
1351 2188
1482 2185
2068 2183
2312 2180
481 2180
683 2179
2027 2176
2399 2171
536 2167
2403 2161
1216 2160
510 2157
879 2146
874 2142
461 2141
575 2141
1550 2140
1396 2137
12 2134
546 2134
1056 2132
2361 2132
1909 2130
1109 2129
1403 2127
864 2122
1941 2120
1683 2118
2208 2118
681 2117
1453 2115
3014 2107
1314 2100
428 2098
416 2097
1079 2092
734 2084
1011 2082
1233 2082
3160 2081
1094 2077
2978 2077
909 2077
2415 2076
503 2076
2553 2074
404 2073
767 2071
1552 2070
1191 2068
3235 2066
2136 2065
601 2065
1692 2063
1837 2060
1345 2059
700 2053
778 2044
688 2037
360 2031
1256 2030
1807 2030
1991 2030
572 2030
1407 2027
418 2024
24 2017
566 2017
2023 2016
2227 2015
2330 2011
2617 2004
1729 2000
714 1997
1507 1992
2979 1991
1348 1990
1166 1988
1558 1982
2135 1982
1622 1980
655 1976
2340 1975
900 1968
2168 1963
1549 1957
739 1957
1031 1954
2163 1953
817 1953
2306 1952
2438 1950
2806 1950
2670 1943
1422 1939
2073 1936
1799 1932
1382 1918
1153 1914
2505 1910
1871 1909
2105 1905
400 1905
1277 1904
2297 1904
1688 1903
3268 1903
1742 1901
573 1892
2902 1891
819 1891
2150 1890
2368 1889
3302 1889
871 1887
2910 1883
1392 1881
2775 1879
860 1877
1039 1874
761 1874
1401 1873
2994 1867
2352 1864
2685 1861
2738 1860
1384 1858
1751 1855
449 1855
3196 1852
3442 1842
1016 1838
1874 1835
27 1834
1745 1832
1641 1831
931 1825
1193 1822
1969 1822
528 1822
1714 1821
3034 1821
3085 1821
3645 1821
29 1819
1344 1818
1320 1816
587 1812
439 1807
1615 1806
2389 1806
1335 1803
2677 1801
1523 1800
2120 1799
590 1799
2908 1795
22 1790
2005 1786
532 1784
3613 1783
3768 1783
2804 1779
2404 1778
2052 1777
591 1776
625 1775
3061 1774
2431 1771
2236 1766
517 1766
3386 1763
611 1761
2359 1756
2936 1756
783 1756
2614 1748
1462 1747
524 1746
2042 1745
1133 1743
1509 1742
1946 1742
2222 1741
608 1741
2812 1739
1580 1735
2898 1734
678 1733
3088 1732
1352 1730
1199 1729
1175 1727
2883 1727
1014 1725
2464 1724
2020 1723
25 1718
1115 1716
28 1712
805 1711
1128 1709
853 1707
1058 1705
2164 1702
1625 1701
2477 1701
953 1701
498 1699
552 1697
2675 1696
2542 1694
2121 1693
2609 1692
798 1690
1710 1689
2235 1686
2632 1681
1541 1678
1557 1678
1371 1677
927 1673
2122 1672
1087 1669
2467 1666
1675 1665
687 1665
1042 1657
1241 1657
1830 1656
1922 1656
3609 1654
1924 1653
2574 1652
3755 1651
1522 1646
3900 1645
2697 1643
3330 1643
476 1642
1026 1637
972 1636
1795 1635
2315 1634
2807 1628
3473 1627
2089 1626
3104 1626
624 1624
3631 1623
3207 1610
1640 1608
1668 1608
1752 1608
2050 1607
944 1606
1228 1600
2538 1592
3869 1592
1980 1591
4274 1591
2484 1590
891 1587
1562 1586
430 1585
2926 1584
1577 1581
30 1581
1734 1580
445 1580
1273 1576
522 1576
606 1573
1227 1571
2535 1569
1071 1567
617 1567
379 1566
1621 1565
1940 1563
2016 1559
1298 1557
2724 1557
3311 1557
1197 1556
2536 1555
735 1553
1645 1552
1180 1551
3157 1551
291 1547
3456 1546
3789 1545
600 1542
2088 1541
2252 1540
2813 1540
1300 1537
4613 1537
3372 1532
3587 1532
3341 1531
1067 1529
3550 1529
3421 1526
2348 1525
886 1524
459 1523
1390 1522
3174 1522
2867 1521
3173 1521
1920 1520
3114 1518
1630 1517
3595 1517
2714 1515
2518 1514
1977 1513
1460 1511
1912 1511
2153 1511
619 1509
3090 1508
1743 1506
582 1504
910 1504
1521 1502
4201 1500
514 1500
1041 1499
1662 1497
3175 1497
2628 1491
1434 1490
527 1486
1365 1484
2793 1484
2818 1482
672 1482
1280 1478
2971 1478
1780 1477
2151 1477
1475 1476
4010 1472
1215 1471
2228 1470
647 1469
1416 1468
1292 1467
4084 1467
811 1466
3584 1465
2166 1464
697 1464
1442 1462
1206 1461
2822 1460
3743 1460
1999 1458
2669 1458
1466 1455
3333 1453
2048 1451
436 1451
705 1450
1436 1449
2640 1446
1007 1442
4674 1442
2597 1441
2864 1440
561 1440
2779 1435
3020 1434
1671 1433
4154 1428
711 1428
816 1423
1596 1418
3368 1418
2098 1417
2904 1414
556 1414
1770 1410
1626 1407
403 1403
1236 1401
1238 1401
1473 1401
2952 1400
833 1400
4434 1399
569 1395
962 1395
2290 1394
507 1394
3170 1392
1754 1391
3898 1390
1333 1389
3133 1389
893 1388
4532 1387
2006 1384
1637 1382
2773 1381
505 1381
4351 1379
1619 1376
623 1376
1036 1375
1208 1375
385 1375
613 1375
3535 1370
21 1369
1996 1368
2402 1365
773 1362
1194 1361
1699 1360
2410 1360
463 1359
1380 1358
1875 1358
2445 1357
916 1357
2526 1356
3832 1356
1028 1353
1829 1353
1443 1352
2759 1350
2462 1348
889 1348
2825 1347
4110 1347
675 1347
716 1347
2025 1344
1902 1343
2999 1343
1052 1341
3350 1340
2702 1339
1138 1338
2733 1338
4975 1336
743 1335
2015 1333
1644 1331
1696 1330
649 1329
2149 1328
3164 1328
3215 1327
1584 1326
745 1325
1174 1324
1259 1324
1239 1323
3052 1323
3422 1322
4547 1322
2965 1319
2090 1318
3654 1314
1318 1313
1853 1313
568 1313
1030 1310
2506 1309
4210 1309
650 1309
1005 1308
2552 1308
2840 1308
1608 1307
768 1307
2146 1306
2802 1306
2351 1304
2717 1304
2718 1302
2392 1301
984 1301
1183 1300
4073 1300
2196 1299
3124 1299
1184 1298
2160 1298
2984 1298
332 1292
3735 1287
3248 1286
1882 1285
1540 1284
1815 1284
2932 1284
4467 1284
1779 1283
2927 1282
665 1282
2379 1280
686 1280
3471 1279
1804 1275
1841 1275
911 1274
541 1272
2209 1266
2682 1265
3345 1265
1982 1262
3037 1262
544 1261
3161 1259
1336 1258
1594 1258
4157 1257
2591 1256
1141 1254
1425 1253
2245 1253
387 1251
642 1251
1878 1249
3546 1249
835 1249
1176 1247
1581 1244
2040 1244
1207 1240
1446 1240
414 1234
4228 1232
5169 1231
1102 1229
2225 1229
1410 1228
4669 1227
1049 1226
5805 1226
3379 1225
1276 1224
949 1223
720 1221
3018 1220
4530 1220
881 1220
2084 1219
2820 1217
983 1216
2879 1215
2154 1214
2184 1212
918 1212
1464 1211
2334 1211
3664 1209
701 1209
1205 1208
2172 1204
2871 1204
3992 1201
4400 1200
4136 1199
427 1199
2053 1197
444 1197
1533 1195
1607 1194
4294 1193
1839 1192
1399 1190
3306 1190
671 1190
1517 1189
466 1188
1636 1187
2875 1187
2009 1186
2094 1186
2251 1185
3436 1184
3685 1184
4102 1184
3582 1183
2444 1182
303 1181
3234 1181
3443 1180
3826 1180
4187 1180
4390 1180
1535 1179
3293 1179
4345 1178
788 1177
824 1177
3083 1175
789 1175
981 1174
1726 1173
2694 1173
1793 1171
2646 1171
5440 1171
3294 1169
434 1169
2074 1168
3101 1166
4028 1166
1928 1165
3515 1165
718 1165
1114 1164
3748 1164
4233 1164
1347 1163
4356 1163
2241 1162
1676 1161
604 1161
1494 1158
1315 1157
2837 1157
1489 1153
4410 1153
1055 1152
3396 1151
3679 1150
3910 1150
5965 1150
2181 1148
5353 1148
3944 1147
1950 1146
3474 1146
679 1142
4426 1141
2870 1140
3833 1140
487 1138
4439 1136
1253 1135
3551 1133
2635 1132
2828 1132
1093 1131
479 1130
939 1130
1182 1129
2279 1129
3466 1129
3538 1128
1639 1127
1660 1126
2944 1126
648 1126
1537 1124
2891 1124
806 1124
2573 1121
2709 1121
728 1121
1755 1118
2101 1118
710 1118
3674 1117
1512 1116
3141 1116
3451 1116
915 1116
1223 1115
3561 1115
3516 1114
795 1114
1203 1113
3440 1113
2182 1110
4750 1109
4883 1109
757 1108
4109 1107
3134 1106
3057 1105
790 1105
3472 1102
1725 1101
2742 1101
2834 1101
3300 1101
2626 1099
4226 1099
2945 1098
2028 1097
975 1097
1057 1096
2830 1096
3155 1096
450 1095
5341 1095
68 1094
1520 1093
2100 1091
3255 1091
5426 1091
581 1091
593 1091
2569 1090
2776 1090
3337 1090
1790 1089
2111 1087
3819 1087
2948 1086
1404 1085
2502 1085
4069 1085
1867 1084
3522 1083
1074 1080
1823 1080
2347 1080
3439 1080
1145 1079
3518 1078
3969 1078
4417 1078
1575 1076
1828 1076
1248 1074
1709 1074
2475 1074
3371 1074
5323 1074
810 1072
1167 1071
3212 1071
1993 1070
2107 1070
693 1070
3895 1069
1311 1067
1417 1066
4197 1066
2301 1063
786 1063
1842 1061
4588 1061
1497 1060
3467 1059
3756 1059
4781 1059
1161 1058
3710 1058
1419 1057
2504 1057
3366 1057
5222 1057
1097 1056
3740 1056
4430 1056
1132 1055
1773 1055
2695 1055
3585 1055
1095 1054
2472 1054
4602 1054
1642 1053
2860 1053
540 1053
627 1050
3790 1049
4287 1049
4606 1049
3901 1047
3988 1046
2540 1045
2655 1044
748 1044
1279 1043
1717 1042
2716 1042
2953 1041
3769 1041
1967 1039
3054 1038
3479 1038
3581 1038
3977 1038
3708 1037
534 1037
1131 1036
1761 1036
3629 1036
3730 1036
3839 1036
667 1034
4572 1033
588 1033
685 1033
1029 1032
694 1032
3236 1030
1566 1028
3278 1028
4689 1027
5966 1027
2468 1023
2925 1023
3508 1023
2466 1022
2660 1022
4461 1020
1914 1017
2633 1017
729 1016
3580 1014
5495 1014
2957 1012
4363 1012
782 1012
830 1012
5417 1011
1146 1010
1934 1010
610 1009
1160 1008
2707 1008
3276 1008
4156 1008
733 1008
1003 1005
2171 1005
4282 1004
1477 1003
3233 1003
3484 1003
4556 1003
1809 1002
3847 1002
2854 1001
3210 1001
3226 1001
4955 1001
2495 1000
2019 999
2622 999
1212 998
1877 998
2797 998
4105 997
5017 997
3937 996
4570 996
3666 994
3824 994
695 994
1919 993
2661 993
3360 993
641 993
929 993
1181 991
801 991
5032 990
1762 989
4863 989
1155 988
1249 988
4492 987
1013 986
1151 986
1560 986
2750 986
3481 986
3044 985
3118 985
3703 985
3750 984
1341 983
4682 983
1888 982
2011 982
3492 982
1240 981
3063 980
3111 980
4681 980
2906 979
6495 979
5529 978
5128 977
2427 976
3409 975
4630 975
1820 973
3435 973
2921 972
3965 972
1379 971
1565 971
2173 971
3590 971
4829 971
1542 970
3783 970
896 968
4099 967
2416 966
3766 966
4559 966
1657 965
2811 965
3354 964
4269 964
4549 964
6201 964
3727 962
802 962
1372 961
2498 961
2436 960
6372 960
2658 959
523 958
3283 956
3428 956
620 956
1772 954
3035 954
1251 953
2593 953
2610 953
1833 952
1897 952
7618 952
2031 951
1267 950
1930 950
4709 950
4935 950
4947 950
4932 949
380 948
4034 948
1769 947
2920 947
3358 946
5308 946
3793 945
1263 944
2138 944
2423 944
3026 943
3389 943
2534 942
3461 941
1081 940
2179 940
4003 940
4152 940
2814 939
5154 939
2174 938
4257 938
586 938
1605 937
1956 937
6042 937
756 937
2134 936
2478 936
584 936
2991 935
3335 935
5290 935
2261 934
3023 934
3761 934
3912 934
4103 934
653 934
1391 933
1818 933
1332 932
5572 931
3635 930
6161 930
1569 929
657 929
5395 928
937 928
1703 926
3511 925
1663 924
2077 924
3087 922
1583 920
1857 919
2152 919
6528 919
1490 918
3373 917
3554 917
3929 917
1450 915
3411 915
5021 915
5468 915
2007 914
4608 914
1297 913
3107 913
3434 910
2590 909
4498 909
2644 908
2223 906
399 906
4937 905
1727 903
3098 903
3355 903
392 903
677 903
1893 901
3881 900
4012 900
1173 899
2667 899
4767 899
1358 898
3184 898
6074 897
1957 895
2914 895
4329 895
2139 894
3237 894
2673 893
4385 893
921 893
2700 892
545 892
2589 891
696 891
2719 890
4311 890
1989 889
3314 889
4472 889
5244 889
804 889
4818 888
4899 888
742 888
4284 887
4852 884
3704 883
2693 882
1995 881
4158 880
2899 879
809 879
2167 878
632 878
5442 877
547 877
6282 877
1667 876
5688 876
724 876
2093 875
2286 874
4184 874
2033 871
3699 871
4214 871
2975 869
3675 869
5056 868
3188 866
1234 865
4447 865
1986 864
3640 864
1591 861
3998 861
6249 861
4361 860
1822 858
3891 858
2226 857
4057 857
462 857
4723 856
2457 855
2796 855
3463 855
3754 855
4107 855
1916 854
986 854
4413 852
4511 852
3049 851
5912 851
966 851
1722 850
2124 850
995 850
2578 849
3725 849
4277 848
5884 848
4457 847
3557 846
3773 846
3232 845
4763 845
940 845
2585 844
1232 843
1978 843
3560 843
870 843
1825 842
3835 842
1962 841
4389 841
6430 841
4423 840
5018 840
626 838
2268 837
2605 837
4579 837
946 837
3259 836
3884 836
5821 836
5933 836
1426 835
1571 835
3637 835
3987 835
6066 834
1143 833
1890 833
2035 833
5697 833
571 833
3195 832
646 832
3678 831
4142 831
3256 830
4725 830
4365 829
4458 828
5324 828
6124 828
3669 827
1463 826
2935 826
3646 826
4978 826
1224 825
3151 825
4868 825
2158 824
4049 824
4508 824
1187 823
1724 823
3491 823
4693 823
2199 822
3702 822
1385 821
2343 821
1376 820
3150 820
2595 819
747 819
3955 818
4238 818
1981 817
3011 816
4220 816
4676 816
2497 815
3084 815
3148 815
4888 814
3081 813
4330 812
935 812
4068 811
851 811
2625 810
2684 810
3055 810
3139 810
4127 810
2896 809
796 809
3804 808
3390 807
3405 807
4229 807
5578 807
4705 806
2383 805
2414 805
2788 805
4118 805
2398 803
3623 803
5188 803
884 803
2308 802
4045 802
3575 801
3739 801
2530 800
5336 800
749 800
4518 799
858 799
999 799
2237 798
3029 798
3482 798
1353 797
1518 797
3890 797
799 797
2691 796
4164 796
4543 796
3398 795
3816 795
4726 795
2642 794
4624 793
1088 792
3143 792
3153 792
5248 792
6107 791
2057 790
3395 790
5306 790
3290 789
3667 789
1281 788
2734 788
3257 788
3583 788
6341 787
1402 786
3291 786
3374 786
4629 786
2839 785
3089 785
3565 785
1954 784
2524 784
3478 784
5537 784
1505 783
4887 783
2731 782
2846 782
6500 782
1268 781
1901 781
3273 781
3423 781
3978 781
1810 780
2645 780
2723 780
3989 780
4135 780
1308 779
1564 779
2456 779
2939 779
5830 779
2537 778
2549 778
6022 778
6273 778
2941 777
3126 777
6437 777
1884 775
2265 775
2311 775
3813 775
1172 774
2358 773
4310 773
775 773
4716 772
5295 772
1027 771
384 770
2324 769
533 769
3762 767
382 767
4499 767
829 767
2299 766
3737 766
562 766
6485 766
1599 765
3326 765
4367 765
2712 764
3415 763
825 763
2247 762
3313 762
6053 762
4094 761
5897 761
621 761
1330 760
2862 760
5266 760
4641 759
3619 758
3868 758
4029 758
4943 758
2453 757
3062 757
5393 757
2157 756
2486 756
4319 756
2998 755
3211 755
3723 755
1610 754
2110 754
2206 754
2529 754
3742 754
3848 754
4209 754
2687 753
4252 753
4713 753
5028 753
5066 752
1551 751
2328 751
6084 751
2012 750
2560 750
656 750
1474 749
1609 749
4160 749
2791 748
3505 748
4278 748
6036 747
3914 746
7947 746
3097 745
3952 745
1632 744
1708 744
5765 744
3123 742
3729 742
3820 742
5269 742
1019 740
3277 740
3967 740
4786 740
6579 740
7183 739
3171 738
4320 738
1185 737
4857 737
2847 735
2947 735
3131 735
6489 735
2624 734
4755 734
1687 733
2067 733
4967 733
3971 731
4479 731
4766 731
4502 730
722 729
5180 728
2777 727
3656 727
4112 727
5866 727
755 727
3457 726
3934 726
4364 726
5232 726
1040 725
2078 725
4341 725
2038 724
2272 724
3495 724
1953 723
3475 723
3080 722
4031 722
1614 721
1721 721
3038 720
3533 720
1585 719
3336 719
5512 719
2698 718
4941 718
3982 717
1544 716
2250 716
2551 716
2843 716
6215 716
6427 716
6605 716
2447 715
3692 715
1254 714
3285 714
3715 714
3945 714
602 714
2061 713
2096 713
3706 713
1887 712
2967 712
3406 712
4754 712
5488 712
6364 712
2432 711
2746 711
2918 711
5285 711
3855 710
2126 709
3545 709
4702 709
6564 709
7587 709
4590 708
5672 708
3262 707
862 707
2517 706
3201 706
5471 706
3850 705
3954 705
5135 705
6751 705
1918 704
2259 704
2412 704
2956 704
3506 704
3997 704
4087 703
2711 702
3694 702
4354 702
6604 702
4864 701
5641 701
4419 700
1933 699
2354 699
5655 699
6856 699
1369 698
4149 698
4239 698
4495 698
5146 698
2470 697
3162 697
7459 697
2954 696
4224 696
4685 696
5470 696
1763 694
5101 694
1092 693
2531 693
3693 693
2037 692
3995 692
1492 691
3094 691
6307 691
3537 690
3601 690
3760 690
5774 689
6655 689
1342 688
2873 687
2963 686
4775 686
5480 686
1753 685
5024 685
5873 685
5756 684
1310 683
3198 683
4470 683
2909 682
7296 682
7312 682
3700 681
2127 680
3520 680
3751 680
1247 679
2253 679
3530 679
6581 679
7172 679
2958 678
4346 678
1015 677
1774 677
2912 677
1915 676
2743 676
396 676
4473 676
5173 676
5832 676
1211 674
1975 674
5083 674
2461 673
3000 673
2393 672
2275 671
3882 671
6951 671
7317 671
1601 670
3140 670
3823 670
6471 670
7429 670
2850 669
3292 669
4435 669
913 669
2200 668
2992 668
3304 668
4842 668
1846 667
504 667
6870 667
1788 666
6207 666
1796 665
6043 665
633 665
3746 664
4191 664
4276 664
1806 663
2764 663
1075 662
2582 662
3301 662
4448 662
4987 662
868 662
3056 661
3122 661
4392 661
4812 661
2565 660
2968 660
3588 660
4261 660
4821 660
5862 660
1819 659
2140 659
5634 659
2469 658
2202 657
3902 657
5932 657
1136 656
3200 656
5034 656
1200 655
5220 655
2455 654
3569 654
4079 654
5305 654
6687 654
1394 653
1666 653
2300 653
2929 653
3579 653
6211 653
6821 653
3795 652
5815 652
2629 651
3984 651
451 651
6137 651
6494 651
2030 650
2059 650
2086 650
3142 650
3897 650
5123 650
5509 650
6395 650
2943 649
4898 649
4610 648
4851 648
6834 648
1105 647
5374 647
1120 646
2892 646
3224 646
4181 646
2243 645
3252 645
515 645
6301 645
7055 645
2258 644
2263 644
3777 644
4418 644
6075 644
3407 643
3540 643
4421 643
1555 642
2070 642
2584 642
5669 642
1150 641
1269 641
1593 641
3135 641
5597 641
5999 641
3117 640
2132 639
3308 639
3990 639
7038 639
719 639
1627 638
3203 637
4734 637
551 637
5405 636
2612 635
3242 635
3296 635
4605 635
1142 634
1713 634
4744 634
5719 634
5861 634
7389 634
791 634
1582 633
3510 633
4596 633
4638 632
5657 632
1009 631
721 631
4441 630
4644 630
764 630
837 630
2155 629
2385 629
2767 629
3605 629
2230 628
3845 628
5198 628
5934 628
1744 627
4307 627
4335 627
5725 627
5981 627
5860 626
5880 626
7293 626
1527 625
3765 625
4006 625
4231 624
3116 623
3295 623
5464 623
2346 622
4060 622
5758 622
6516 622
1271 621
2454 621
2663 621
3319 621
4827 621
5275 621
1777 620
1921 620
2753 620
5347 620
5798 620
8006 620
2701 619
2857 619
4333 619
2380 617
4677 617
5795 617
6448 617
1339 616
3305 616
3981 616
6373 616
2219 615
3460 615
3496 615
4047 615
3573 614
3875 614
4574 614
6534 614
4143 613
4462 613
2508 612
7212 612
4731 611
6039 610
2365 609
2848 609
4427 609
578 609
2713 608
2808 608
3193 608
5239 608
3105 607
4195 607
3269 605
4847 605
5796 605
779 605
1334 604
2760 604
2833 604
5826 604
6134 603
1430 602
2903 602
4443 602
6616 602
7976 602
1653 601
1832 601
3392 601
4797 601
5002 601
1230 600
2254 600
2638 600
4308 600
5219 600
2747 599
3028 599
3202 599
6355 599
4185 598
5892 598
6510 598
2104 597
7820 597
2413 596
2770 596
3176 596
3632 596
4512 596
4531 596
5751 596
6650 596
1408 595
3499 595
4664 594
4762 594
2409 593
2588 593
4388 593
6742 593
1506 592
2130 592
3468 592
3261 591
4707 591
5397 591
1597 590
3787 590
5160 590
3003 589
1286 588
2029 588
2234 588
4066 588
5152 588
7155 588
1716 587
2360 587
3324 587
4557 587
4799 587
7695 587
1137 586
3732 586
6219 586
1570 585
3831 585
961 585
1237 583
2417 583
4468 583
7663 583
3509 582
5563 582
6136 582
6457 582
6690 582
1493 581
1961 581
2805 581
3604 581
5594 581
769 581
812 581
1378 580
1791 580
1913 580
4121 580
4991 580
6880 580
1272 579
1876 579
4100 579
4408 579
5868 579
1337 578
1587 578
2491 578
4007 578
5091 578
6525 578
731 578
2071 577
2125 577
2647 577
3714 577
3776 577
4027 577
4729 577
2782 576
5086 576
3339 575
6798 575
3275 574
3414 574
4989 574
5016 574
1650 573
1952 573
3229 573
3251 573
3486 573
3840 573
5191 573
869 573
1169 572
1861 572
2487 572
3622 572
4023 572
5253 572
5896 572
1589 571
2194 571
3465 571
673 571
1386 570
1655 570
882 570
4869 569
5436 569
557 569
950 569
1578 568
2442 568
2485 568
3078 568
4635 568
5583 568
5781 568
878 568
2188 567
4189 567
5079 567
6099 567
850 567
3592 566
4815 566
4959 566
5019 566
2310 565
2634 565
2659 565
3190 565
3532 565
3950 565
4491 565
5120 565
5677 565
5022 564
5055 564
5274 564
5637 564
8159 564
1413 563
2481 563
2721 563
7478 563
6316 562
6878 562
6886 562
1220 561
2424 561
3731 561
3814 561
4312 561
2128 560
3145 560
3957 560
6093 560
898 560
2242 559
4918 559
7997 559
1244 558
2318 558
4509 558
4595 558
7034 558
7533 558
2240 557
2356 557
2452 557
2471 557
2980 557
4376 557
5613 557
5710 557
1559 556
2156 556
2579 556
5210 556
6826 556
3689 555
4922 555
4999 555
7968 555
33 554
4093 554
4772 554
6080 554
2706 553
7542 553
928 553
3647 552
3784 552
456 552
4934 552
5973 552
2374 551
5156 551
651 551
1485 550
2671 550
3480 550
4586 550
1718 549
2631 549
3906 549
4384 549
5045 549
5075 549
6334 549
3106 548
3960 548
4854 548
4874 548
2004 547
2046 547
3303 547
5582 547
5644 547
4303 546
6306 546
6572 546
2298 545
2599 545
979 545
3661 544
4130 544
4232 544
4513 543
548 543
3073 542
3838 542
4493 542
5013 542
2079 541
3915 541
5329 541
7357 541
1127 539
2973 539
5357 539
6383 539
744 539
1112 538
3096 538
353 538
4494 538
4966 538
5879 538
6527 538
6885 538
2255 537
2581 537
2856 537
5145 537
5449 537
5453 537
6915 537
2692 536
2916 536
3709 536
4424 536
4507 536
6034 536
2054 535
2539 535
2794 535
4536 535
4344 534
4382 534
5168 534
6708 534
1433 533
1838 533
2391 533
2449 533
2858 533
4768 533
5377 533
5654 533
7091 533
7104 533
977 533
2754 532
4981 532
5959 532
1438 531
2293 531
3129 531
4386 531
5263 531
6971 531
2525 530
3638 530
4140 530
5043 530
1455 529
3323 529
4183 529
1738 528
248 528
5391 528
5557 528
6393 528
7700 528
3069 527
7546 527
3968 526
4173 526
6175 526
1377 525
2851 525
4583 525
993 525
1942 524
1945 524
2002 524
4313 524
8064 524
1163 523
1214 523
2339 523
3577 523
3938 523
4406 523
706 523
897 523
1373 522
4649 522
5366 522
6506 522
2069 521
2426 521
3454 521
3691 521
4122 521
4411 521
5704 521
6202 521
2654 520
2917 520
5036 520
6554 520
1285 519
2289 519
4091 519
4289 519
6314 519
1649 518
2993 518
3747 518
4169 518
4686 518
5286 518
5404 518
6568 518
6854 518
6910 518
3156 517
5793 517
6546 517
4515 516
861 516
2801 515
4809 515
5131 515
8044 515
2507 514
4339 514
6804 514
1536 513
1845 513
3786 513
4098 513
4221 513
4318 513
4337 513
4396 513
4486 513
5316 513
5333 513
5902 513
6754 513
6960 513
3705 512
7230 512
7299 512
1154 511
2446 511
2853 511
4141 511
5568 511
1338 510
2212 510
2381 510
2532 510
3749 510
6429 510
1792 509
1992 509
2739 509
3120 509
5723 509
6170 509
6850 509
7514 509
1891 508
2768 508
3452 508
3953 508
4301 508
4437 508
5097 508
6682 508
7363 508
3027 507
4650 507
5476 507
5899 507
6432 507
1062 506
1481 506
2213 506
3318 506
3567 506
8041 506
4040 505
7716 505
2435 504
2696 504
3047 504
1295 503
2800 503
4002 503
4236 503
4850 503
5373 503
5623 503
7559 503
1678 502
2313 502
3092 502
3149 502
3264 502
3603 502
4262 502
5004 502
5891 502
6443 502
7093 502
3651 501
4795 501
5925 501
1633 500
3016 499
3222 499
4256 499
5003 499
1048 498
3512 498
6377 498
2546 497
4021 497
4838 497
5273 497
6176 497
1002 496
1470 496
3617 496
4192 496
5008 496
5908 496
7016 496
1316 495
1974 495
2369 495
4077 495
6381 495
7807 495
3046 494
4736 494
5073 494
5711 494
3351 493
4305 493
4718 493
5467 493
6230 493
3377 492
4675 492
5979 492
6020 492
4925 491
5421 491
822 491
1976 490
4645 490
5501 490
6178 490
7342 490
3247 489
4643 489
5359 489
6290 489
1312 488
1412 488
1803 488
1898 488
4001 488
4037 488
759 488
7624 488
1863 487
5681 487
7003 487
2541 486
4554 486
6237 486
6286 486
6665 486
2262 485
2737 485
3271 485
3916 485
4243 485
5048 485
6172 485
6332 485
6585 485
1483 484
2294 484
3376 484
4440 484
7030 484
1458 483
2238 483
2664 483
3681 483
5255 483
6967 483
2091 482
4453 482
5531 482
6325 482
1472 481
3935 481
4538 481
7224 481
3391 480
3837 480
4617 480
6681 480
6864 480
7307 480
2108 479
2977 479
3534 479
3655 479
4328 479
5338 479
5438 479
1508 478
3218 478
3399 478
3863 478
5694 478
1515 477
2976 477
5635 477
6972 477
2419 476
4522 476
7504 476
4242 475
7483 475
7498 475
1355 474
1370 474
2636 474
2863 474
2970 474
4632 474
5214 474
1879 473
2161 473
2562 473
3315 473
3348 473
3825 473
5292 473
6917 473
8046 473
1420 472
2085 472
3343 472
4573 472
6212 472
3241 471
3470 471
4913 471
5411 471
754 471
7823 471
3548 470
6360 470
1149 469
1451 469
2905 469
5331 469
6260 469
6276 469
6807 469
7210 469
1148 468
3438 468
5076 468
5847 468
7241 468
2422 467
3357 467
4771 467
6342 467
6413 467
6674 467
7386 467
2831 466
4908 466
5234 466
5650 466
6018 466
1513 465
1848 465
1948 465
5150 465
6015 465
2758 464
2881 464
4923 464
5779 464
6812 464
1045 463
5335 463
6013 463
6428 463
8183 463
894 463
3903 462
4258 462
596 462
7418 462
2557 461
3738 461
7826 461
2810 460
2826 460
4760 460
5195 460
6003 460
8135 460
1764 459
2656 459
4866 459
6239 459
7490 459
1679 458
3091 458
3464 458
4735 458
494 458
5157 458
6533 458
7120 458
2129 457
2740 457
3012 457
3274 457
3726 457
4891 457
5279 457
6359 457
3263 456
6606 456
6805 456
1895 455
3015 455
4095 455
4817 455
5223 455
6056 455
6269 455
1061 454
1289 454
1686 454
3562 454
4862 454
5943 454
6135 454
7247 454
7485 454
1864 453
2285 453
3112 453
6780 453
2371 452
5127 452
5387 452
5820 452
1393 451
1987 451
2282 451
2479 451
2544 451
4397 451
4960 450
6247 450
6724 450
1741 449
2528 449
3138 449
6941 449
1113 448
1500 448
1970 448
2349 448
4186 448
5713 448
6019 448
6944 448
2092 447
2117 447
3455 447
4564 447
5042 447
6252 447
3017 446
4698 445
5741 445
6165 445
2309 444
3258 444
4190 444
5141 444
6397 444
6689 444
7102 444
7148 444
7474 444
7875 444
2021 443
2305 443
3857 443
4026 443
5526 443
6242 443
7908 443
2256 442
2357 442
2384 442
3181 442
5007 442
5913 442
6065 442
6122 442
6704 442
8111 442
8148 442
2288 441
2344 441
3121 441
3728 441
577 441
5938 441
7276 441
1851 440
3250 440
3476 440
4541 440
4545 440
4672 440
5312 440
5566 440
7377 440
7611 440
1454 439
3322 439
3986 439
4011 439
5072 439
5660 439
6460 439
1349 438
1499 438
1988 438
3711 438
4840 438
5639 438
5812 438
6030 438
6153 438
4546 437
6059 437
6347 437
7062 437
86 437
2780 436
3072 436
3733 436
7289 436
7797 436
2962 435
3571 435
4124 435
4504 435
4607 435
4634 435
6088 435
6954 435
934 435
936 435
2087 434
2476 434
3780 434
4433 434
4697 434
5170 434
5284 434
6577 434
6831 434
7257 434
2325 433
2890 433
3821 433
6526 433
6648 433
6814 433
6833 433
2316 432
2865 432
3627 432
3827 432
3974 432
5258 432
5367 432
6390 432
7164 432
1623 431
2680 431
5033 431
6278 431
6563 431
6925 431
7193 431
7513 431
7579 431
8026 431
1835 430
3099 430
3778 430
4480 430
5181 430
8158 430
3811 429
4004 429
5430 429
7608 429
2307 428
3517 428
5068 428
5906 428
6484 428
6893 428
7898 428
2558 427
5978 427
6140 427
2176 426
3214 426
3593 426
4616 426
5682 426
5696 426
5935 426
6928 426
7561 426
7737 426
3270 425
3427 425
5542 425
6238 425
698 425
7281 425
3909 424
4871 424
5556 424
922 424
2165 423
2336 423
2488 423
4336 423
4776 423
5794 423
7441 423
901 423
1498 422
2761 422
5685 422
5775 422
5819 422
6061 422
6786 422
7348 422
7916 422
8059 422
2550 421
2748 421
2887 421
3487 421
4324 421
4977 421
6894 421
1723 420
3144 420
3800 420
4571 420
5165 420
8075 420
1958 419
2509 419
2554 419
3363 419
5447 419
5833 419
6922 419
1202 418
2353 418
4296 418
4956 418
5167 418
6481 418
2722 417
2827 417
3397 417
4879 417
5474 417
6594 417
7529 417
1702 416
3626 416
4916 416
5777 416
6344 416
2769 415
3408 415
4015 415
4178 415
4255 415
4844 415
5277 415
5413 415
5441 415
5541 415
7450 415
7573 415
1491 414
2756 414
2763 414
3163 414
3722 414
4398 414
4465 414
4640 414
4877 414
707 414
7629 414
1293 413
1457 413
2440 413
4928 413
5384 413
5707 413
6308 413
1257 412
2390 412
3383 412
3417 412
4699 412
5193 412
5409 412
5443 412
5958 412
7670 412
1821 411
1955 411
3527 411
4322 411
5183 411
5267 411
5708 411
6764 411
6776 411
699 411
4839 410
5121 410
5836 410
5976 410
6900 410
1107 409
1423 409
2378 409
2781 409
3416 409
5461 409
5668 409
7863 409
8182 409
2732 408
3053 408
3781 408
4133 408
5837 408
6025 408
6800 408
7596 408
859 408
2430 407
3365 407
6054 407
2270 406
4578 406
4666 406
5059 406
6378 406
6461 406
8146 406
1503 405
3310 405
5585 405
6024 405
7679 405
2187 404
4484 404
4845 404
4896 404
5838 404
7174 404
7469 404
1994 403
3204 403
3208 403
4159 403
4436 403
4593 403
7319 403
4138 402
6721 402
1231 401
1561 401
2363 401
4177 401
5078 401
5439 401
2708 400
2884 400
4254 400
5792 400
8009 400
16 399
1765 399
1862 399
1881 399
20 399
2799 399
3221 399
4116 399
5227 399
5252 399
6701 399
6912 399
3009 398
3686 398
4917 398
7956 398
1539 397
2949 397
5334 397
1367 396
2159 396
2592 396
3401 396
4953 396
5354 396
6991 396
7259 396
3553 395
6031 395
6676 395
7099 395
8134 395
2320 394
3132 394
3597 394
4090 394
4132 394
4207 394
4646 394
5834 394
5877 394
6574 394
1805 393
2112 393
7343 393
7583 393
3599 392
3936 392
4391 392
4449 392
4907 392
7780 392
8162 392
1210 391
1730 391
3384 391
6132 391
6371 391
6441 391
7568 391
7648 391
2961 390
3213 390
3913 390
4747 390
4787 390
5098 390
6117 390
1159 389
2893 389
5247 389
5553 389
6246 389
7447 389
7671 389
7921 389
7980 389
3093 388
4297 388
4325 388
4425 388
4490 388
5166 388
6978 388
2072 387
2229 387
5090 387
5900 387
888 387
1322 386
2755 386
4501 386
5379 386
637 386
6387 386
7945 386
3991 385
4615 385
5910 385
8037 385
1526 384
2099 384
2425 384
4372 384
4798 384
6518 384
3448 383
3483 383
1519 382
1715 382
2116 382
4022 382
4402 382
5381 382
5547 382
7445 382
774 382
7970 382
3154 381
4846 381
7046 381
7098 381
2450 380
2510 380
2571 380
2966 380
4432 380
4738 380
6272 380
708 380
3010 379
3634 379
4758 379
5099 379
5520 379
7434 379
7772 379
3426 378
4153 378
5254 378
5545 378
7411 378
7766 378
3321 377
3615 377
4265 377
5027 377
6920 377
3563 376
3812 376
4264 376
5063 376
5322 376
5722 376
6017 376
6700 376
7755 376
8122 376
2757 375
3334 375
3920 375
4211 375
4730 375
4880 375
5773 375
7687 375
7920 375
3103 374
3243 374
4663 374
5429 374
5456 374
7590 374
8081 374
2264 373
4450 373
6067 373
6181 373
7479 373
1218 372
3441 372
3469 372
3695 372
5368 372
5525 372
5859 372
7211 372
1502 371
1847 371
2570 371
7930 371
1037 370
2872 370
3799 370
4199 370
4306 370
5483 370
5679 370
5828 370
6310 370
7477 370
1084 369
6299 369
7353 369
7877 369
8136 369
838 369
1776 368
3552 368
5118 368
5265 368
5948 368
6770 368
6983 368
1091 367
4563 367
4727 367
4756 367
4800 367
5362 367
5508 367
5757 367
6023 367
7858 367
1201 366
1291 366
1665 366
3963 366
4527 366
5213 366
5270 366
6867 366
8053 366
1604 365
2183 365
3513 365
5206 365
5406 365
6037 365
6068 365
6365 365
1130 364
4198 364
4902 364
5089 364
6719 364
7669 364
7730 364
7778 364
836 364
849 364
3002 363
4005 363
4370 363
5224 363
5424 363
6270 363
6442 363
7416 363
7637 363
7674 363
2375 362
3317 362
4260 362
4576 362
5960 362
6292 362
6472 362
7153 362
7536 362
7697 362
7944 362
7946 362
1595 361
3281 361
3643 361
3670 361
5683 361
6575 361
6987 361
7966 361
1157 360
2745 360
5376 360
5659 360
6168 360
7627 360
1266 359
2568 359
2613 359
3287 359
4404 359
5136 359
5539 359
6289 359
7205 359
1690 358
2563 358
2937 358
3797 358
4393 358
1682 357
2710 357
2960 357
5317 357
5481 357
6626 357
6790 357
6795 357
2650 356
5735 356
5936 356
6468 356
6482 356
8129 356
1270 355
1363 355
1553 355
4611 355
4949 355
5293 355
5753 355
5904 355
6382 355
6695 355
6785 355
7101 355
8173 355
2115 354
4714 354
5949 354
6193 354
6963 354
7074 354
7141 354
7814 354
1096 353
1415 353
3347 353
5740 353
7047 353
7544 353
2217 352
2489 352
3549 352
4642 352
5178 352
5364 352
5492 352
6014 352
6324 352
6962 352
7244 352
7443 352
7508 352
1307 351
3309 351
3446 351
7379 351
2109 350
3404 350
3500 350
4865 350
5061 350
5162 350
6265 350
7175 350
7271 350
2683 349
5104 349
5356 349
820 349
840 349
5182 348
5425 348
5801 348
6105 348
6356 348
1606 347
2522 347
4025 347
4525 347
5776 347
7256 347
7528 347
7703 347
3652 346
3771 346
3779 346
4293 346
4830 346
6186 346
963 346
2177 345
2787 345
31 345
3624 345
3861 345
4074 345
4300 345
4600 345
5031 345
5358 345
5601 345
6029 345
6558 345
6692 345
7435 345
7860 345
8047 345
1801 344
1959 344
4180 344
4858 344
5105 344
5548 344
6907 344
2433 343
3043 343
3806 343
4259 343
4905 343
5857 343
5874 343
7327 343
1188 342
1612 342
4460 342
4516 342
4533 342
6095 342
6573 342
7017 342
3430 341
5869 341
6651 341
4381 340
4673 340
5039 340
6076 340
6173 340
6514 340
6995 340
7185 340
1110 339
2653 339
2679 339
2938 339
3600 339
4882 339
7237 339
7300 339
7366 339
1771 338
3433 338
4272 338
4514 338
4783 338
5360 338
5418 338
5600 338
5952 338
7261 338
8049 338
2274 337
2897 337
3462 337
3598 337
4240 337
5875 337
6331 337
6582 337
7263 337
7835 337
7853 337
7995 337
1328 336
1704 336
4204 336
4218 336
4237 336
5015 336
6070 336
3187 335
3940 335
5518 335
5849 335
6300 335
7255 335
2097 334
3331 334
3979 334
4555 334
6081 334
6082 334
6126 334
872 334
1106 333
2561 333
5380 333
5462 333
7015 333
1221 332
2983 332
3328 332
3939 332
3985 332
4403 332
4412 332
5114 332
5513 332
5717 332
6147 332
6187 332
6906 332
7275 332
8000 332
8171 332
1860 331
3514 331
3962 331
4778 331
6163 331
6725 331
6866 331
7209 331
7677 331
7793 331
1661 330
1971 330
2162 330
2969 330
3485 330
4055 330
5700 330
6322 330
7734 330
1068 329
2639 329
4230 329
4599 329
4961 329
5666 329
6412 329
6787 329
7037 329
7092 329
7196 329
1620 328
3523 328
4741 328
4911 328
5414 328
595 328
6829 328
865 328
2869 327
2988 327
3930 327
4701 327
6131 327
7565 327
7664 327
7701 327
8157 327
985 327
1326 326
1631 326
2803 326
2942 326
3576 326
4933 326
5250 326
5396 326
7741 326
2493 325
4464 325
5742 325
6504 325
6660 325
7491 325
1219 324
2003 324
3059 324
3172 324
4442 324
4688 324
6845 324
2169 323
2842 323
3907 323
4974 323
5588 323
5782 323
5863 323
6091 323
6712 323
760 323
7827 323
7828 323
3973 322
4217 322
6256 322
7217 322
7688 322
1264 321
1563 321
2492 321
2771 321
3536 321
4167 321
5646 321
5890 321
6073 321
6151 321
6417 321
6519 321
6583 321
7199 321
7601 321
777 321
2901 320
3794 320
4075 320
4463 320
5454 320
5720 320
5843 320
6871 320
7421 320
1261 319
1613 319
1701 319
4327 319
4575 319
5416 319
6647 319
226 318
2496 318
3720 318
5587 318
5651 318
6274 318
664 318
7779 318
2823 317
3865 317
5808 317
7197 317
7268 317
8088 317
8124 317
2880 316
3185 316
4544 316
4813 316
5116 316
5315 316
5328 316
6367 316
6570 316
7740 316
3636 315
4285 315
5197 315
5202 315
5977 315
7169 315
2913 314
4567 314
5673 314
5990 314
1935 313
2940 313
3429 313
3568 313
4227 313
4286 313
7395 313
2395 312
2665 312
3860 312
3983 312
5503 312
6678 312
7277 312
807 312
1165 311
2143 311
4241 311
5147 311
5388 311
5435 311
5550 311
7103 311
7626 311
3086 310
4587 310
4820 310
5125 310
5175 310
5465 310
6733 310
7370 310
2995 309
3189 309
4202 309
4814 309
5592 309
5730 309
5994 309
7971 309
8092 309
3501 308
3639 308
4487 308
4696 308
5304 308
7054 308
7636 308
7926 308
3547 307
4020 307
4454 307
4708 307
4936 307
4948 307
6909 307
7136 307
3325 306
6861 306
7506 306
7884 306
3964 305
3972 305
4072 305
4519 305
4680 305
4982 305
5363 305
6026 305
6220 305
3791 304
4063 304
4721 304
5000 304
6982 304
7222 304
7242 304
8076 304
938 304
1677 303
2170 303
2838 303
3886 303
4526 303
5632 303
6204 303
7953 303
5074 302
6556 302
7190 302
7250 302
7563 302
7816 302
1086 301
1865 301
3147 301
4485 301
4580 301
475 301
5084 301
5855 301
7201 301
770 301
4822 300
5035 300
5200 300
5240 300
5571 300
6164 300
6182 300
6384 300
6415 300
6470 300
7310 300
7764 300
3449 299
4168 299
5208 299
5327 299
5375 299
5975 299
7135 299
8019 299
1217 298
2118 298
4145 298
4151 298
4581 298
4803 298
5888 298
5964 298
6227 298
6268 298
6271 298
6752 298
8070 298
1421 297
1588 297
2269 297
5163 297
5865 297
5876 297
6781 297
7832 297
8045 297
971 297
1235 296
1514 296
3707 296
3796 296
4387 296
5192 296
6110 296
6369 296
6578 296
7243 296
7693 296
1840 295
4067 295
4568 295
5771 295
6244 295
7852 295
8082 295
1886 294
2280 294
4076 294
4626 294
5715 294
6784 294
7567 294
814 294
1782 293
3180 293
3856 293
3889 293
5392 293
5459 293
5535 293
6838 293
4017 292
7297 292
7952 292
7954 292
3130 291
4096 291
4352 291
4598 291
4684 291
6011 291
6396 291
3880 290
3959 290
6235 290
1089 289
3127 289
6469 289
6614 289
7335 289
7735 289
2075 288
3279 288
4039 288
6038 288
6040 288
6600 288
7516 288
7560 288
7600 288
1524 287
3249 287
3369 287
3591 287
5140 287
5631 287
5986 287
6623 287
6683 287
7154 287
7870 287
828 287
1530 286
4179 286
4859 286
5941 286
6633 286
8153 286
4111 285
4302 285
5215 285
6589 285
7132 285
1736 284
2191 284
3497 284
4144 284
4794 284
5502 284
5580 284
5731 284
6097 284
6213 284
6636 284
6775 284
7349 284
7496 284
1616 283
1816 283
2602 283
2795 283
3050 283
3288 283
4332 283
4712 283
5521 283
5551 283
5692 283
5760 283
6549 283
6820 283
6892 283
7226 283
7859 283
876 283
1118 282
3594 282
4166 282
4281 282
5087 282
5257 282
5407 282
6098 282
6102 282
6610 282
6649 282
7126 282
7630 282
7812 282
947 282
992 282
1834 281
2668 281
5012 281
5249 281
5963 281
6120 281
6233 281
6773 281
7285 281
1361 280
2014 280
3367 280
4954 280
6158 280
6424 280
6439 280
7288 280
1245 279
2355 279
4280 279
5172 279
5301 279
5867 279
7249 279
7313 279
8054 279
1844 278
2778 278
3199 278
3299 278
3798 278
4801 278
5318 278
5630 278
6198 278
6376 278
6732 278
7473 278
7622 278
2516 277
2567 277
3905 277
4875 277
5383 277
6446 277
6628 277
6823 277
6895 277
917 277
2114 276
2689 276
3332 276
4097 276
6167 276
6593 276
7788 276
3340 275
3741 275
4083 275
5712 275
6425 275
7192 275
7503 275
7733 275
3412 274
4652 274
4824 274
5340 274
5390 274
6005 274
6809 274
8176 274
2443 273
2974 273
3919 273
7162 273
1944 272
2817 272
3418 272
3614 272
4832 272
5069 272
5243 272
6046 272
6634 272
7020 272
2483 271
4342 271
5092 271
6366 271
7238 271
7609 271
2621 270
2641 270
3102 270
4205 270
4520 270
4773 270
5060 270
5372 270
5445 270
5523 270
6662 270
6868 270
3067 269
4647 269
6101 269
6251 269
6467 269
6586 269
7149 269
7198 269
7286 269
7962 269
3507 268
3852 268
4304 268
4687 268
4757 268
4784 268
5415 268
5921 268
7617 268
4030 267
4779 267
5303 267
6304 267
6924 267
7896 267
8126 267
1444 266
2460 266
2555 266
2907 266
5233 266
6123 266
6403 266
6421 266
6618 266
7311 266
7933 266
2017 265
2045 265
3039 265
5108 265
5750 265
5882 265
6753 265
6797 265
7406 265
1414 264
2611 264
3033 264
4052 264
5207 264
5561 264
5817 264
6508 264
6620 264
7134 264
7336 264
7408 264
7440 264
4065 263
4416 263
4886 263
4996 263
6253 263
7354 263
7457 263
1908 262
2257 262
3947 262
4962 262
5238 262
5400 262
5444 262
5522 262
7350 262
2189 261
4163 261
4670 261
6765 261
7991 261
1800 260
2207 260
4014 260
4270 260
4529 260
5159 260
5872 260
6263 260
7815 260
7972 260
8100 260
8112 260
8128 260
2601 259
2699 259
3036 259
3687 259
4481 259
5807 259
6248 259
6999 259
7187 259
7232 259
7454 259
7510 259
1858 258
2459 258
4078 258
4584 258
4770 258
4791 258
5026 258
5049 258
6188 258
6385 258
7367 258
2056 257
3927 257
4375 257
4946 257
499 257
5217 257
6157 257
7356 257
7848 257
1786 256
2388 256
2882 256
4292 256
5103 256
6496 256
7384 256
1681 255
2248 255
2437 255
2725 255
3019 255
3642 255
3753 255
4445 255
4565 255
5767 255
6756 255
6993 255
7465 255
7732 255
8090 255
1731 254
2512 254
3227 254
4036 254
4340 254
4422 254
4915 254
5204 254
5309 254
5786 254
6738 254
7773 254
7981 254
945 254
1389 253
1670 253
1705 253
2923 253
5320 253
5656 253
5856 253
5917 253
6450 253
6727 253
8065 253
8069 253
3068 252
3183 252
5746 252
6206 252
7365 252
7902 252
2387 251
3179 251
3528 251
3697 251
3745 251
3815 251
5343 251
5674 251
5732 251
6169 251
7869 251
2981 250
3066 250
3419 250
3859 250
4378 250
4921 250
5507 250
5565 250
5609 250
7352 250
8058 250
8191 250
988 250
1294 249
1611 249
3001 249
3194 249
4560 249
4623 249
5278 249
5298 249
6853 249
7371 249
1778 248
1929 248
3219 248
3382 248
3657 248
4038 248
4591 248
4823 248
6613 248
6957 248
7133 248
7208 248
8018 248
3316 247
3956 247
4172 247
6234 247
7977 247
8060 247
1685 246
2556 246
2955 246
4761 246
5251 246
5858 246
6846 246
7466 246
7644 246
1712 245
2876 245
3058 245
3805 245
4759 245
5041 245
6755 245
7170 245
7206 245
7782 245
1400 244
2314 244
2672 244
3021 244
3152 244
3352 244
3589 244
4836 244
6338 244
6408 244
6935 244
7963 244
902 244
2205 243
2594 243
3128 243
3659 243
6203 243
6358 243
6705 243
6952 243
7792 243
7867 243
8048 243
2527 242
2809 242
5799 242
5924 242
6050 242
6156 242
6875 242
7082 242
7499 242
7654 242
8141 242
1195 241
3075 241
4059 241
4804 241
4993 241
5727 241
6509 241
6908 241
6976 241
7341 241
7625 241
1405 240
4548 240
4988 240
6599 240
6859 240
7049 240
7376 240
7385 240
7899 240
2990 239
3948 239
4694 239
4963 239
6507 239
7108 239
7892 239
8050 239
1872 238
1973 238
2620 238
2730 238
3119 238
3385 238
4213 238
5398 238
5432 238
5763 238
6661 238
7866 238
3608 237
3961 237
5346 237
6143 237
6386 237
7444 237
7653 237
7685 237
7767 237
3048 236
4137 236
4628 236
5399 236
5466 236
6184 236
6225 236
6438 236
7362 236
1746 235
1758 235
5614 235
6295 235
6996 235
7100 235
7762 235
8004 235
8012 235
1733 234
3394 234
5025 234
5560 234
6317 234
7204 234
7640 234
7909 234
7958 234
2326 233
3388 233
5176 233
5835 233
6087 233
6368 233
6435 233
7423 233
7428 233
7934 233
1906 232
3191 232
3282 232
3342 232
4715 232
5151 232
6603 232
6872 232
7813 232
2051 231
2704 231
2878 231
4176 231
4477 231
5371 231
6637 231
8181 231
2616 230
3713 230
4909 230
4919 230
5678 230
5721 230
5789 230
6254 230
6896 230
7012 230
7509 230
7769 230
1252 229
1673 229
2772 229
3477 229
3610 229
4009 229
4123 229
4752 229
5311 229
6032 229
6848 229
7069 229
7173 229
7325 229
7830 229
7834 229
1168 228
2408 228
3941 228
5608 228
6312 228
6663 228
6669 228
7075 228
7225 228
7436 228
1305 227
3763 227
4653 227
5236 227
6643 227
7116 227
7146 227
7364 227
7689 227
2789 226
4958 226
5134 226
6351 226
6363 226
6949 226
7800 226
5093 225
7556 225
7829 225
998 225
13 224
2192 224
3413 224
4592 224
4789 224
5139 224
5287 224
5349 224
5589 224
5706 224
64 224
6851 224
6881 224
7886 224
1158 223
2210 223
3025 223
3980 223
5144 223
5291 223
5296 223
5829 223
6048 223
6608 223
6693 223
7404 223
7709 223
7989 223
8106 223
3541 222
3810 222
3918 222
4496 222
4690 222
5982 222
5987 222
6905 222
6990 222
7358 222
7463 222
7748 222
7994 222
2765 221
3665 221
4521 221
5225 221
7316 221
885 221
3387 220
4200 220
4569 220
4739 220
4893 220
5077 220
5427 220
6245 220
6828 220
6884 220
7264 220
7476 220
7731 220
7774 220
1296 219
4044 219
4394 219
5119 219
5122 219
5164 219
5918 219
6216 219
6405 219
6654 219
6703 219
6938 219
7073 219
7191 219
7223 219
7619 219
8007 219
3312 218
3502 218
3894 218
4637 218
5457 218
5593 218
6028 218
6096 218
7008 218
7280 218
7413 218
7672 218
7698 218
7913 218
1111 217
1674 217
2499 217
531 217
6108 217
6329 217
7130 217
7397 217
7604 217
7935 217
2032 216
3932 216
5235 216
5271 216
5487 216
5652 216
5661 216
5701 216
5768 216
6086 216
7571 216
7638 216
7938 216
7988 216
8039 216
6426 215
7180 215
7540 215
2137 214
2885 214
3701 214
4631 214
5102 214
5500 214
7112 214
7339 214
7942 214
3503 213
4695 213
4704 213
4728 213
4957 213
5647 213
6817 213
6862 213
7165 213
7666 213
1346 212
1768 212
1984 212
2220 212
2786 212
5475 212
5734 212
6142 212
6627 212
6939 212
7825 212
8056 212
8167 212
2062 211
4895 211
4983 211
5703 211
5788 211
6152 211
6243 211
6343 211
6722 211
7058 211
7628 211
7694 211
7836 211
7837 211
3996 210
5606 210
6555 210
6718 210
6747 210
7759 210
2401 209
2729 209
3803 209
3828 209
4000 209
4080 209
4383 209
5038 209
5764 209
6729 209
6748 209
7106 209
1156 208
3289 208
3400 208
4884 208
5112 208
5264 208
5728 208
6416 208
6588 208
6793 208
6950 208
6994 208
8170 208
14 207
1424 207
3662 207
3673 207
4582 207
4929 207
5006 207
5276 207
6640 207
7752 207
1728 206
2986 206
3166 206
3564 206
4952 206
6891 206
7294 206
7686 206
7729 206
7915 206
8077 206
1943 205
2736 205
4474 205
5281 205
597 205
6085 205
6407 205
6827 205
7680 205
7927 205
2832 204
3757 204
4170 204
6531 204
7028 204
7388 204
7784 204
1757 203
1927 203
2203 203
2283 203
2841 203
3630 203
3698 203
5110 203
5339 203
5640 203
6535 203
7736 203
3879 202
4018 202
4249 202
5596 202
5687 202
5962 202
6089 202
6179 202
6592 202
6739 202
7355 202
7810 202
2511 201
2829 201
2989 201
3286 201
3504 201
3946 201
4420 201
4500 201
4665 201
7314 201
7449 201
7757 201
7817 201
8101 201
8102 201
3970 200
4082 200
4459 200
4523 200
5484 200
6411 200
6595 200
6735 200
6948 200
7070 200
7145 200
7252 200
3690 199
5864 199
7754 199
1658 198
3459 198
4162 198
4841 198
5570 198
5643 198
5772 198
6466 198
7094 198
7547 198
7649 198
7901 198
956 198
1317 197
2874 197
3493 197
4104 197
4212 197
5040 197
5410 197
6847 197
6955 197
7346 197
7564 197
1192 196
4043 196
4710 196
5111 196
5607 196
5769 196
6125 196
7634 196
7821 196
7839 196
2421 195
5005 195
508 195
5299 195
7195 195
7375 195
7586 195
7984 195
8031 195
3488 194
4362 194
5510 194
5887 194
6992 194
7068 194
2690 193
4196 193
4466 193
4719 193
5823 193
5974 193
6453 193
6537 193
7373 193
7798 193
1083 192
1406 192
3829 192
3892 192
5245 192
702 192
7042 192
7555 192
7907 192
1985 191
2845 191
3677 191
3792 191
3854 191
3931 191
5051 191
5617 191
5729 191
6007 191
6349 191
6497 191
6630 191
6720 191
7215 191
7632 191
1004 190
2501 190
5231 190
6520 190
6611 190
6997 190
7396 190
2095 189
2377 189
3004 189
4431 189
4737 189
4878 189
5143 189
5491 189
5989 189
6109 189
6345 189
6388 189
6815 189
7253 189
7359 189
7588 189
7696 189
7783 189
7960 189
1409 188
3076 188
3993 188
5199 188
5428 188
5761 188
6783 188
7838 188
7936 188
8156 188
5297 187
5460 187
5584 187
5930 187
6106 187
6261 187
7227 187
7278 187
8099 187
3853 186
4071 186
4415 186
4703 186
4717 186
4897 186
5770 186
5927 186
6291 186
6451 186
7756 186
1290 185
1900 185
2302 185
5065 185
5408 185
5562 185
5743 185
5911 185
6116 185
6832 185
7035 185
7194 185
7861 185
1932 184
2458 184
4562 184
4594 184
4900 184
5132 184
5957 184
6617 184
7053 184
7322 184
7393 184
7854 184
7881 184
892 184
1437 183
2039 183
3060 183
3272 183
5226 183
6200 183
6532 183
6714 183
6803 183
7303 183
7558 183
2762 182
3032 182
3378 182
3444 182
4016 182
4263 182
5107 182
5844 182
5907 182
6702 182
6734 182
6840 182
7702 182
8008 182
8011 182
2327 181
3381 181
3684 181
3867 181
4984 181
5382 181
5389 181
5985 181
7006 181
8073 181
8174 181
1968 180
2500 180
2951 180
3375 180
3842 180
3943 180
4894 180
5130 180
5149 180
5670 180
5780 180
6090 180
6691 180
7088 180
4053 179
6569 179
6625 179
7409 179
7517 179
7681 179
8063 179
8161 179
1885 178
2081 178
2619 178
3217 178
4409 178
4992 178
5555 178
6112 178
6400 178
7117 178
7453 178
7713 178
3425 177
4331 177
5498 177
5754 177
5916 177
6904 177
6918 177
7107 177
7374 177
7591 177
1260 176
2000 176
2608 176
3361 176
4128 176
4247 176
4268 176
4316 176
4683 176
5082 176
5246 176
5811 176
6635 176
6975 176
7229 176
7494 176
7592 176
7776 176
7948 176
1085 175
1327 175
3450 175
3649 175
4008 175
4371 175
4654 175
5394 175
5506 175
5840 175
5955 175
6049 175
6174 175
6543 175
6644 175
6659 175
6710 175
6965 175
7340 175
7372 175
7461 175
7647 175
7678 175
7833 175
3006 174
3125 174
5564 174
6266 174
6336 174
6406 174
6591 174
6806 174
7167 174
7302 174
7673 174
7844 174
7862 174
8014 174
914 174
2490 173
2852 173
3082 173
4881 173
5579 173
6652 173
7067 173
7403 173
7856 173
7987 173
2861 172
3115 172
3808 172
4234 172
5351 172
5473 172
5616 172
6241 172
6445 172
6491 172
6958 172
7266 172
7279 172
736 172
7538 172
7603 172
7786 172
8113 172
1078 171
1103 171
2924 171
3933 171
5080 171
6196 171
6264 171
6737 171
7021 171
7747 171
8137 171
2214 170
2342 170
2429 170
3045 170
3228 170
5030 170
6298 170
6404 170
6522 170
6808 170
7158 170
7442 170
7661 170
7851 170
8078 170
1794 169
2666 169
3216 169
4117 169
4134 169
5385 169
5516 169
5575 169
5658 169
5846 169
6231 169
6419 169
7095 169
7768 169
2246 168
2868 168
4373 168
4706 168
4764 168
4890 168
5187 168
5532 168
6571 168
7308 168
7378 168
8017 168
2877 167
3671 167
4175 167
4315 167
5604 167
5624 167
6006 167
6321 167
7115 167
7159 167
7318 167
7614 167
8032 167
3660 166
4219 166
5533 166
5901 166
5992 166
6399 166
7026 166
7381 166
7402 166
7923 166
8095 166
2064 165
3393 165
3862 165
4050 165
4326 165
4540 165
5420 165
6566 165
6639 165
6759 165
7574 165
7940 165
8139 165
1077 164
2686 164
2911 164
3966 164
4843 164
6284 164
6597 164
6667 164
6911 164
7631 164
7662 164
7929 164
7950 164
1468 163
1789 163
2922 163
3719 163
4451 163
4700 163
4861 163
6454 163
6873 163
7048 163
3267 162
5577 162
6361 162
6713 162
7245 162
7422 162
8055 162
4740 161
4876 161
4973 161
5344 161
5851 161
6016 161
6668 161
6921 161
6986 161
7939 161
8036 161
959 161
1008 160
2816 160
3633 160
4188 160
5289 160
5591 160
5909 160
6004 160
6455 160
7290 160
7894 160
8020 160
2394 159
3064 159
4853 159
5302 159
5361 159
5691 159
5968 159
6901 159
6931 159
7081 159
8038 159
2405 158
3364 158
3809 158
4223 158
4353 158
4528 158
6436 158
7001 158
7258 158
7607 158
7676 158
7691 158
7763 158
7850 158
7878 158
8042 158
1070 157
1274 157
1545 157
1598 157
2428 157
4849 157
5744 157
5997 157
6562 157
6622 157
6653 157
6788 157
7125 157
1693 156
4471 156
4788 156
4802 156
5142 156
5288 156
6849 156
6914 156
7182 156
7857 156
7922 156
8028 156
2287 155
2703 155
3220 155
3616 155
3834 155
4995 155
5663 155
5905 155
6189 155
7207 155
7305 155
7520 155
7795 155
7808 155
8025 155
1496 154
3136 154
3240 154
4805 154
5300 154
5496 154
5736 154
6320 154
7140 154
7438 154
7578 154
7594 154
8138 154
2441 153
3005 153
3885 153
4317 153
5283 153
5530 153
65 153
6544 153
6664 153
7186 153
7553 153
8188 153
1652 152
1664 152
2900 152
3095 152
3618 152
5573 152
5784 152
6041 152
6138 152
6374 152
6458 152
6728 152
6973 152
7057 152
7983 152
2147 151
3137 151
3607 151
3818 151
4101 151
4659 151
4774 151
4889 151
4944 151
5158 151
5211 151
5546 151
6192 151
6961 151
7569 151
7819 151
2215 150
2559 150
3110 150
4609 150
4920 150
5482 150
5621 150
5852 150
6339 150
7543 150
7668 150
1319 149
2060 149
2514 149
3353 149
5581 149
5818 149
5870 149
5920 149
6079 149
6521 149
6694 149
746 149
7724 149
8024 149
2266 148
2866 148
3042 148
3782 148
6327 148
6844 148
7014 148
7419 148
7781 148
8052 148
8093 148
2982 147
3239 147
4115 147
4926 147
5628 147
6154 147
6209 147
7273 147
7331 147
7714 147
7811 147
3648 146
5996 146
6222 146
6311 146
6346 146
6542 146
7992 146
8029 146
8084 146
2959 145
3447 145
3911 145
4041 145
4089 145
6352 145
6473 145
6746 145
7580 145
7749 145
7805 145
1323 144
2494 144
4246 144
4834 144
5961 144
6078 144
6874 144
6985 144
8035 144
8066 144
1020 143
2533 143
3307 143
3370 143
3558 143
3772 143
4475 143
4585 143
4790 143
5310 143
5493 143
5662 143
5937 143
6045 143
6296 143
6539 143
6619 143
6802 143
7455 143
7489 143
7682 143
7727 143
7794 143
8040 143
2836 142
2888 142
4245 142
4366 142
4482 142
5538 142
6162 142
7050 142
7351 142
1983 141
2964 141
3958 141
5778 141
5946 141
6183 141
7347 141
7645 141
7957 141
3344 140
3716 140
3807 140
4469 140
5054 140
5895 140
6953 140
7110 140
7448 140
7847 140
8142 140
1258 139
1937 139
5088 139
5945 139
6044 139
6063 139
6624 139
7320 139
7525 139
7584 139
7872 139
8061 139
8072 139
842 139
1135 138
4503 138
5611 138
5714 138
6058 138
7056 138
7521 138
7928 138
1554 137
3775 137
4298 137
4658 137
4904 137
5221 137
5241 137
5294 137
5313 137
6736 137
6841 137
7541 137
7581 137
1760 136
1836 136
3246 136
3320 136
4622 136
5057 136
5095 136
6679 136
7446 136
1775 135
3559 135
3801 135
6000 135
6145 135
6149 135
6285 135
6370 135
6612 135
6819 135
6825 135
7139 135
7712 135
7803 135
7806 135
8150 135
3883 134
3921 134
4438 134
4828 134
5096 134
5109 134
5117 134
5889 134
6498 134
6685 134
7079 134
7338 134
7585 134
1306 133
1486 133
2024 133
2946 133
3453 133
3531 133
3877 133
5452 133
5790 133
6021 133
6190 133
6309 133
7151 133
7417 133
7760 133
7910 133
8130 133
880 133
2331 132
3280 132
6218 132
6974 132
7502 132
7512 132
1936 131
1990 131
4542 131
4552 131
5705 131
6530 131
7203 131
758 131
7726 131
8189 131
3065 130
3169 130
4273 130
5854 130
6340 130
6487 130
7597 130
7717 130
7893 130
8127 130
3238 129
4614 129
4940 129
5124 129
580 129
6118 129
7283 129
7432 129
3253 128
3817 128
6094 128
6148 128
6883 128
7218 128
7240 128
7785 128
7964 128
7975 128
8062 128
8103 128
8131 128
105 127
1938 127
3653 127
4395 127
5365 127
5469 127
5953 127
6478 127
6816 127
703 127
7176 127
2278 126
2335 126
2987 126
4906 126
5332 126
5810 126
6490 126
6726 126
7248 126
7593 126
7610 126
7965 126
908 126
2329 125
447 125
5695 125
6923 125
7464 125
7482 125
7723 125
1066 124
1368 124
1899 124
2065 124
2249 124
3951 124
4024 124
4655 124
5842 124
6422 124
6502 124
6792 124
7072 124
7096 124
7113 124
7744 124
1082 123
1659 123
1680 123
1892 123
3165 123
3402 123
3644 123
3672 123
4990 123
5914 123
5928 123
6401 123
6513 123
7405 123
1684 122
2895 122
4129 122
5451 122
5497 122
5686 122
6002 122
6128 122
6512 122
6879 122
8175 122
1732 121
3077 121
3356 121
4081 121
4086 121
4250 121
4510 121
4618 121
5321 121
5534 121
5939 121
6027 121
6757 121
7251 121
7545 121
7589 121
7791 121
7843 121
7943 121
8034 121
1119 120
2543 120
3696 120
4651 120
5800 120
6197 120
6561 120
6865 120
6959 120
7707 120
8068 120
1547 119
3606 119
4032 119
4165 119
4931 119
7087 119
7799 119
8155 119
2720 118
3284 118
3625 118
5804 118
6185 118
6646 118
7109 118
7706 118
7911 118
8144 118
2448 117
3362 117
3526 117
3876 117
3926 117
4483 117
4539 117
5455 117
5931 117
5950 117
5956 117
6302 117
7157 117
7415 117
7658 117
11 116
1397 116
2201 116
3159 116
669 116
6966 116
7152 116
7451 116
7613 116
7725 116
7771 116
8005 116
8154 116
2604 115
3866 115
3928 115
4732 115
4939 115
4986 115
5567 115
5944 115
6810 115
6842 115
7051 115
7655 115
7705 115
7932 115
8184 115
1813 114
2232 114
2855 114
32 114
4119 114
4429 114
4745 114
5702 114
5947 114
6033 114
6409 114
6899 114
6903 114
7144 114
7412 114
7472 114
7775 114
8003 114
2018 113
2513 113
3650 113
4811 113
5196 113
5762 113
6232 113
6927 113
7235 113
7430 113
4120 112
6199 112
7505 112
7846 112
2273 111
4819 111
5412 111
6009 111
7118 111
7200 111
7274 111
7751 111
7999 111
8089 111
1284 110
2564 110
4323 110
4380 110
4401 110
4765 110
5228 110
5319 110
5816 110
5871 110
7061 110
8116 110
8180 110
2376 109
2727 109
5010 109
5716 109
5954 109
6141 109
6657 109
6761 109
6767 109
7010 109
1023 108
2728 108
4244 108
4535 108
6326 108
6375 108
6730 108
7548 108
7882 108
920 108
3177 107
4870 107
5242 107
5477 107
5885 107
6069 107
6130 107
6492 107
6932 107
7032 107
7260 107
7551 107
2008 106
2819 106
2934 106
4972 106
5053 106
5806 106
6319 106
6402 106
6456 106
6550 106
1759 105
1911 105
2618 105
3770 105
4208 105
4968 105
6288 105
6392 105
6414 105
6716 105
6741 105
6863 105
7124 105
7231 105
7570 105
2586 104
4161 104
5590 104
5827 104
6223 104
6750 104
6877 104
1069 103
1852 103
2190 103
3566 103
4042 103
5100 103
5330 103
5667 103
6305 103
7171 103
2575 102
2996 102
3908 102
4064 102
4369 102
4691 102
5094 102
5515 102
5738 102
5972 102
6936 102
6979 102
7234 102
7324 102
7391 102
7484 102
8051 102
8079 102
8151 102
8190 102
15 101
2345 101
3578 101
3887 101
4597 101
6150 101
6166 101
6464 101
7041 101
7481 101
7796 101
8109 101
1428 100
1866 100
2041 100
4222 100
4251 100
4566 100
5186 100
5629 100
5664 100
6071 100
6257 100
635 100
6769 100
7287 100
7519 100
8002 100
919 100
2434 99
3297 99
3544 99
4085 99
5540 99
5988 99
6511 99
6638 99
7022 99
7530 99
7715 99
7969 99
8083 99
976 99
1814 98
3410 98
3874 98
4203 98
4657 98
6052 98
6645 98
6818 98
7129 98
7163 98
7692 98
7888 98
1785 97
2049 97
2386 97
2606 97
2972 97
3864 97
4733 97
4867 97
5402 97
7002 97
7606 97
7704 97
7718 97
7883 97
8104 97
8166 97
2277 96
2726 96
3922 96
4182 96
4551 96
4724 96
5325 96
5517 96
5552 96
6217 96
6548 96
6656 96
7097 96
7189 96
730 96
7392 96
7458 96
7462 96
7914 96
1528 95
2043 95
5348 95
5625 95
5752 95
6115 95
7323 95
2766 94
37 94
3717 94
4048 94
4998 94
6001 94
6354 94
6688 94
6697 94
6791 94
7166 94
7219 94
7315 94
7577 94
7646 94
8177 94
8179 94
1889 93
2678 93
2749 93
3668 93
5524 93
6444 93
6580 93
6782 93
7066 93
7160 93
7426 93
7804 93
7919 93
8043 93
1209 92
2886 92
3209 92
3688 92
4150 92
4350 92
5699 92
5718 92
5737 92
6259 92
6897 92
7128 92
7147 92
7575 92
7873 92
8119 92
1354 91
4108 91
4856 91
5603 91
5802 91
6547 91
6670 91
7127 91
1445 90
2233 90
2919 90
3724 90
3896 90
4711 90
5403 90
6423 90
6567 90
7493 90
7787 90
8125 90
3574 89
4348 89
4444 89
6114 89
6449 89
6731 89
7895 89
7990 89
8110 89
1905 88
2933 88
3682 88
4660 88
4667 88
4769 88
5923 88
6113 88
6357 88
6433 88
6711 88
7380 88
7651 88
8164 88
8168 88
1635 87
2930 87
3878 87
4309 87
4334 87
6379 87
6389 87
6418 87
6475 87
6707 87
7267 87
7468 87
7539 87
7699 87
7905 87
2244 86
2397 86
2790 86
5983 86
6333 86
6969 86
7501 86
7595 86
7720 86
8118 86
2133 85
2815 85
3186 85
4359 85
6077 85
6576 85
7602 85
7659 85
7840 85
7959 85
1910 84
6758 84
7090 84
7270 84
7414 84
750 84
7955 84
8187 84
903 84
1134 83
2792 83
5759 83
7036 83
7123 83
7228 83
7262 83
7711 83
7868 83
1262 82
2520 82
2652 82
3424 82
3611 82
3712 82
4612 82
6060 82
6822 82
7470 82
7500 82
7534 82
7616 82
7728 82
7941 82
8001 82
1573 81
2292 81
3759 81
4291 81
4355 81
4749 81
4938 81
5809 81
6348 81
6857 81
7045 81
7742 81
7822 81
8172 81
4131 80
4235 80
4275 80
4368 80
4965 80
5058 80
5203 80
5645 80
6486 80
6615 80
6947 80
7321 80
1868 79
3192 79
3298 79
3888 79
4452 79
5260 79
5419 79
5813 79
6228 79
6553 79
7949 79
2063 78
2566 78
3051 78
3718 78
4106 78
5023 78
5081 78
5179 78
5342 78
5915 78
6279 78
6902 78
6968 78
7076 78
7326 78
7818 78
1965 77
2835 77
2894 77
5463 77
6240 77
6476 77
6477 77
6837 77
6989 77
2102 76
2338 76
3206 76
4125 76
4347 76
4374 76
4407 76
4806 76
5126 76
6092 76
7427 76
7460 76
792 76
3758 75
5504 75
6100 75
6551 75
6584 75
7925 75
7982 75
7986 75
2317 74
2482 74
3830 74
4636 74
4678 74
4807 74
4971 74
5448 74
5599 74
5822 74
6083 74
6515 74
6869 74
6887 74
7344 74
7753 74
7904 74
8091 74
8143 74
3596 73
3785 73
4061 73
4062 73
5369 73
5598 73
6590 73
6596 73
7086 73
7221 73
7410 73
7511 73
8087 73
2651 72
3917 72
4476 72
5009 72
5174 72
5259 72
6715 72
6774 72
7143 72
7471 72
7531 72
763 72
7824 72
7973 72
8015 72
2224 71
3403 71
3844 71
6119 71
7052 71
7168 71
7789 71
8010 71
8016 71
1925 70
1960 70
2688 70
2735 70
3008 70
4216 70
4648 70
4872 70
4930 70
5618 70
6777 70
7329 70
7900 70
2603 69
3458 69
3858 69
4279 69
4288 69
4456 69
4558 69
4751 69
5569 69
5791 69
6621 69
6762 69
7523 69
7623 69
7639 69
8115 69
3490 68
3849 68
4114 68
5020 68
5423 68
5478 68
6474 68
6493 68
6538 68
6671 68
6760 68
7181 68
7214 68
7369 68
4639 67
5544 67
5642 67
5831 67
6673 67
6779 67
7254 67
7761 67
8027 67
2047 66
3168 66
3178 66
4358 66
4446 66
4604 66
4625 66
5106 66
5113 66
5148 66
5422 66
5649 66
5766 66
5995 66
6488 66
6743 66
7801 66
1495 65
1931 65
2382 65
2598 65
2849 65
3437 65
5619 65
5676 65
5969 65
6830 65
6988 65
7620 65
7879 65
8097 65
1896 64
3498 64
4271 64
4290 64
4633 64
4914 64
4924 64
4951 64
5184 64
5665 64
7043 64
7119 64
7660 64
8165 64
2439 63
2580 63
4225 63
4661 63
5014 63
5189 63
5401 63
5883 63
8022 63
1903 62
2333 62
3975 62
3994 62
4561 62
5129 62
5237 62
5984 62
6062 62
8030 62
1461 61
3925 61
4126 61
4377 61
5011 61
5528 61
5536 61
5615 61
5638 61
6262 61
6934 61
6964 61
7029 61
7721 61
8023 61
1459 60
1504 60
2503 60
4589 60
4994 59
5194 59
6035 59
6641 59
6898 59
7233 59
7295 59
7809 59
7885 59
8186 59
4046 58
4873 58
6505 58
7398 58
7492 58
7537 58
7675 58
7831 58
2319 57
4056 57
4148 57
4950 57
5205 57
5626 57
6129 57
6517 57
7000 57
7220 57
7345 57
7557 57
7924 57
8067 57
1321 56
2705 56
3338 56
3870 56
4092 56
4455 56
4656 56
5115 56
5437 56
5586 56
5951 56
6281 56
6335 56
7077 56
7292 56
7650 56
8086 56
2373 55
3071 55
3542 55
3602 55
3628 55
4360 55
4743 55
4826 55
5062 55
6180 55
7524 55
7582 55
7690 55
8074 55
1629 54
2844 54
4248 54
4668 54
5280 54
6328 54
6337 54
6889 54
7013 54
7179 54
7708 54
2400 53
2784 53
3767 53
4720 53
5574 53
6177 53
6970 53
7150 53
7337 53
8013 53
1204 52
2186 52
2239 52
2889 52
3976 52
4621 52
6267 52
6297 52
6540 52
6836 52
3641 51
3851 51
4147 51
4577 51
4780 51
4903 51
5595 51
6560 51
7401 51
7865 51
8033 51
8108 51
1471 50
1798 50
3923 50
5485 50
5898 50
5903 50
6323 50
6459 50
7156 50
7306 50
7330 50
7425 50
8117 50
8169 50
1750 49
2615 49
4139 49
4488 49
4662 49
4964 49
5001 49
5262 49
5386 49
5726 49
6159 49
7044 49
7333 49
7360 49
8107 49
1826 48
2662 48
4155 48
5185 48
5511 48
5787 48
6275 48
6632 48
6766 48
6835 48
6916 48
7080 48
7121 48
7642 48
1302 47
2221 47
3223 47
3529 47
3843 47
4349 47
4671 47
4927 47
5785 47
6072 47
6111 47
6394 47
6677 47
6913 47
6940 47
7431 47
8132 47
8178 47
1303 46
1548 46
1843 46
4267 46
5201 46
5350 46
5458 46
5797 46
6008 46
6675 46
7304 46
7931 46
1917 45
2407 45
3079 45
3539 45
4399 45
4816 45
4969 45
5256 45
5479 45
5543 45
6210 45
6287 45
6631 45
6749 45
6984 45
7495 45
7518 45
7652 45
7871 45
943 45
3158 44
3197 44
4619 44
4796 44
4945 44
5747 44
6778 44
6942 44
7665 44
7743 44
7967 44
1926 43
3244 43
4314 43
4782 43
5071 43
5352 43
5803 43
5919 43
6330 43
7188 43
132 42
3108 42
3752 42
3872 42
4174 42
4497 42
5230 42
5971 42
968 42
3100 41
4266 41
4620 41
5216 41
5602 41
6214 41
6483 41
6890 41
7550 41
3254 40
3620 40
3744 40
3899 40
4985 40
4997 40
5133 40
5177 40
6447 40
6772 40
7745 40
7802 40
1427 39
1831 39
1966 39
1979 39
3676 39
4478 39
5671 39
5848 39
6552 39
7138 39
1538 38
3586 38
4517 38
4901 38
5450 38
5610 38
6557 38
6980 38
7605 38
7996 38
1213 37
3146 37
3556 37
6303 37
7298 37
7394 37
7420 37
7532 37
7641 37
1669 36
2141 36
2367 36
2548 36
3521 36
3721 36
4321 36
5212 36
5355 36
5724 36
5745 36
5755 36
5824 36
5850 36
6205 36
7040 36
7633 36
7918 36
4051 35
4058 35
4194 35
5218 35
5229 35
5446 35
5684 35
5922 35
5926 35
6208 35
6794 35
6855 35
6858 35
7024 35
7137 35
7488 35
7722 35
7874 35
8071 35
8094 35
8105 35
895 35
2545 34
3031 34
4013 34
4035 34
4892 34
5282 34
6545 34
6609 34
7475 34
7998 34
3182 33
5044 33
5998 33
6064 33
6601 33
6629 33
6926 33
6946 33
7522 33
7621 33
7937 33
7993 33
8114 33
1301 32
1487 32
1767 32
2303 32
4746 32
5209 32
5499 32
5709 32
5749 32
6250 32
6353 32
8149 32
2572 31
2676 31
2785 31
3555 31
4253 31
629 31
6480 31
6565 31
6763 31
6977 31
7025 31
7177 31
7576 31
7750 31
2198 30
2515 30
3349 30
4019 30
5576 30
6462 30
6463 30
7897 30
8133 30
4603 29
5472 29
6541 29
6930 29
7033 29
7845 29
7951 29
2751 28
3621 28
3663 28
4070 28
5622 28
5633 28
5733 28
6057 28
6602 28
7122 28
7178 28
7246 28
852 28
1602 27
3260 27
3445 27
4295 27
4753 27
4808 27
5067 27
5783 27
7023 27
7027 27
7554 27
7612 27
762 27
856 27
127 26
3329 26
5894 26
5991 26
6255 26
7527 26
7656 26
8057 26
2178 25
3431 25
3949 25
4505 25
6431 25
7552 25
7880 25
7979 25
8096 25
2295 24
2741 24
3022 24
4524 24
4627 24
5307 24
5970 24
6501 24
6598 24
7291 24
7309 24
7526 24
7566 24
7599 24
7978 24
1529 23
1624 23
2824 23
2997 23
4748 23
5153 23
5433 23
5967 23
6499 23
6919 23
7071 23
7161 23
7382 23
8123 23
1811 22
2366 22
4338 22
435 22
4506 22
4976 22
6226 22
659 22
6933 22
6956 22
7770 22
832 22
2148 21
2596 21
3245 21
4215 21
4837 21
6283 21
6315 21
6723 21
6768 21
7031 21
7383 21
7387 21
7790 21
8185 21
118 20
2010 20
3683 20
4722 20
5190 20
5675 20
5825 20
6139 20
6224 20
6524 20
6699 20
6796 20
7083 20
7758 20
7876 20
4146 19
6294 19
6943 19
7018 19
7437 19
7864 19
7891 19
8152 19
2145 18
2480 18
2648 18
3788 18
4033 18
4193 18
5171 18
5690 18
5886 18
6010 18
6709 18
6981 18
7917 18
8121 18
9 18
133 17
1488 17
3764 17
4601 17
5345 17
5559 17
5680 17
5853 17
6642 17
6945 17
7105 17
7424 17
7842 17
8098 17
8120 17
1177 16
2370 16
2451 16
3225 16
3519 16
3570 16
4692 16
5627 16
6318 16
6529 16
6607 16
6811 16
7841 16
2260 15
2304 15
2623 15
3420 15
4831 15
5648 15
6434 15
7005 15
7059 15
7407 15
7549 15
974 15
1170 14
1350 14
1432 14
1951 14
1972 14
5653 14
5748 14
6055 14
6104 14
6144 14
6194 14
6236 14
7078 14
7572 14
7974 14
2637 13
3113 13
3802 13
4414 13
4534 13
4742 13
4885 13
5064 13
5137 13
5489 13
5605 13
5929 13
6051 13
6503 13
6998 13
7084 13
7739 13
7906 13
8080 13
8140 13
994 13
1122 12
1904 12
1949 12
2284 12
2296 12
3265 12
3489 12
4206 12
5272 12
5514 12
6133 12
6420 12
6876 12
7142 12
7433 12
7515 12
7719 12
1362 11
2774 11
3873 11
5052 11
5558 11
6258 11
6929 11
7111 11
7216 11
7332 11
7849 11
7855 11
7985 11
1849 10
2521 10
4553 10
5268 10
5993 10
6313 10
6465 10
6696 10
7890 10
3230 9
3359 9
3612 9
3942 9
4113 9
4777 9
4792 9
5739 9
6103 9
6146 9
6706 9
6882 9
7282 9
7334 9
7399 9
7598 9
7887 9
7912 9
2915 8
4537 8
4550 8
5314 8
5689 8
6155 8
6293 8
6843 8
7085 8
7284 8
7497 8
7643 8
7889 8
1511 7
261 7
2783 7
3231 7
3841 7
4357 7
4980 7
5161 7
5940 7
6686 7
6740 7
7202 7
7535 7
8085 7
1691 6
2627 6
2798 6
2950 6
5370 6
5434 6
5486 6
6160 6
6789 6
6937 6
7063 6
7777 6
7961 6
970 6
121 5
1359 5
2322 5
2928 5
2931 5
3040 5
3109 5
3572 5
4054 5
4088 5
4343 5
4860 5
5519 5
6012 5
6559 5
6680 5
6745 5
6860 5
7039 5
7657 5
8021 5
8147 5
10 4
1051 4
1531 4
1997 4
2463 4
5037 4
5070 4
6121 4
6171 4
6479 4
6672 4
69 4
7004 4
7236 4
873 4
108 3
1340 3
1939 3
202 3
2474 3
3680 3
3774 3
4428 3
4785 3
4855 3
4910 3
5698 3
5839 3
7011 3
7452 3
1033 2
113 2
1139 2
1711 2
2119 2
3041 2
36 2
3924 2
4835 2
4848 2
4912 2
5138 2
5155 2
5841 2
6824 2
7019 2
7507 2
7903 2
111 1
1431 1
1448 1
1501 1
228 1
237 1
2519 1
2577 1
260 1
3380 1
3432 1
3822 1
465 1
5261 1
5431 1
5527 1
5881 1
6398 1
6410 1
6440 1
6587 1
6801 1
6852 1
7114 1
7131 1
7239 1
7265 1
7400 1
7635 1
8145 1
madeupword0000 0
